
16 16
0 0 0 0 0 2 3 3 2 0 0 0 0 0 0 0
0 0 0 0 2 3 3 3 3 2 0 0 0 0 0 0
0 0 0 2 3 3 3 3 3 3 2 0 0 0 0 0
0 0 2 3 3 3 3 3 3 3 3 2 0 0 0 0
0 2 3 3 3 3 3 3 3 3 3 3 2 0 0 0
2 3 3 3 3 3 3 3 3 3 3 3 3 2 0 0
2 3 3 3 3 3 3 3 3 3 3 3 3 3 2 0
2 3 3 3 2 3 3 2 3 3 3 3 3 3 2 0
2 3 3 3 2 3 3 3 3 2 3 3 3 3 2 0
0 2 3 2 3 3 3 3 3 3 2 3 3 2 0 0
0 0 2 3 3 3 3 3 3 3 3 2 0 0 0 0
0 0 0 2 6 6 6 6 6 6 6 2 0 0 0 0
0 0 0 0 6 6 6 6 6 6 6 0 0 0 0 0
0 0 0 0 6 6 6 6 6 6 6 0 0 0 0 0
0 0 0 0 0 6 6 6 6 6 0 0 0 0 0 0
0 0 0 0 0 0 6 6 6 0 0 0 0 0 0 0