32 32
0 0 0 0 0 0 0 0 0 0 0 0 0 0 0 0 0 0 0 0 0 0 0 0 0 0 0 0 0 0 0 0
0 0 0 0 0 0 0 0 0 0 0 0 0 0 0 0 0 0 0 0 0 0 0 0 0 0 0 0 0 0 0 0
0 0 0 0 0 0 0 0 C C C 0 0 0 0 0 0 0 C C C 0 0 0 0 0 0 0 0 0 0 0
0 0 0 0 0 0 0 0 E C 0 0 0 0 0 0 0 0 0 C E C 0 0 0 0 0 0 0 0 0 0
0 0 0 0 0 0 0 0 E B C 0 0 0 0 0 0 0 C E E C 0 0 0 0 0 0 0 0 0 0
0 0 0 0 0 0 0 0 E C 0 0 0 0 0 0 0 0 0 C E C 0 0 0 0 0 0 0 0 0 0
0 0 0 0 0 0 0 0 E C 0 0 0 0 0 0 0 0 0 C E C 0 0 0 0 0 0 0 0 0 0
0 0 0 0 0 0 0 0 E E C 0 0 0 0 0 0 0 C E E C 0 0 0 0 0 0 0 0 0 0
0 0 0 0 0 0 0 0 C B B C 0 0 0 0 0 C E B C C 0 0 0 0 0 0 0 0 0 0
0 0 0 0 0 0 0 0 0 C E E C C C C C E B C 0 0 0 0 0 0 0 0 0 0 0 0
0 0 0 0 0 0 0 0 C E E E E E E E E E C B C 0 0 0 0 0 0 0 0 0 0 0
0 0 0 0 0 0 0 0 C E E E E E E E E E E E B C 0 0 0 0 0 0 0 0 0 0
0 0 0 0 0 0 0 0 C E E E E E E E E E E E B C 0 0 0 0 0 0 0 0 0 0
0 0 0 0 0 0 0 0 C C C E E E E C E E E E B C 0 0 0 0 0 0 0 0 0 0
0 0 0 0 0 0 0 0 C C C C E E C C C E E E B C 0 0 0 0 0 0 0 0 0 0
0 0 0 0 0 0 0 0 C C C C E E C C C E E E B C 0 0 0 0 0 0 0 0 0 0
0 0 0 0 0 0 0 0 C C C E E E E C E E E E B C 0 0 0 0 0 0 0 0 0 0
0 0 0 0 0 0 0 0 C E E E E E E E E E E C B C 0 0 0 0 0 0 0 0 0 0
0 0 0 0 0 0 0 0 0 C E E E E E E E E C C C 0 0 0 0 0 0 0 0 0 0 0
0 0 0 0 0 0 0 0 0 0 C C C C C C C C C C C C 0 0 0 0 0 0 0 0 0 0
0 0 0 0 0 0 0 0 0 C C D C C D C D C C B C 0 0 0 0 0 0 0 0 0 0 0
0 0 0 0 0 0 0 0 0 C C C D C C D C C C C C 0 0 0 0 0 0 0 0 0 0 0
0 0 0 0 0 0 0 0 0 C C D C C C C D C C 0 C C 0 0 0 0 0 0 0 0 0 0
0 0 0 0 0 0 0 0 0 C C C D C D C D C D 0 C C C 0 0 0 0 0 0 0 0 0
0 0 0 0 0 0 0 0 0 C C D C C C D C D C 0 C C C 0 0 0 0 0 0 0 0 0
0 0 0 0 0 0 0 0 0 C C C C C C C D C C 0 C C C C 0 0 0 0 0 0 0 0
0 0 0 0 0 0 0 0 C C C C C C C C C C C 0 0 0 C C 0 0 0 0 0 0 0 0
0 0 0 0 0 0 0 0 C C C C C 0 0 C C C C C 0 0 0 0 0 0 0 0 0 0 0 0
0 0 0 0 0 0 0 0 C C C C C 0 0 C C C C C 0 0 0 0 0 0 0 0 0 0 0 0
0 0 0 0 0 0 0 0 0 C C 0 0 0 0 0 C C C 0 0 0 0 0 0 0 0 0 0 0 0 0
0 0 0 0 0 0 0 0 0 0 0 0 0 0 0 0 0 0 0 0 0 0 0 0 0 0 0 0 0 0 0 0
0 0 0 0 0 0 0 0 0 0 0 0 0 0 0 0 0 0 0 0 0 0 0 0 0 0 0 0 0 0 0 0
