32 32
0 0 0 0 0 0 0 0 0 0 0 0 0 0 0 0 0 0 0 0 0 0 0 0 0 0 0 0 0 0 0 0
0 0 0 0 0 0 0 0 0 0 0 0 0 0 0 0 0 0 0 0 0 0 0 0 0 0 0 0 0 0 0 0
0 0 0 0 0 0 0 0 0 0 0 0 0 0 0 0 0 0 0 0 0 0 0 0 0 0 0 0 0 0 0 0
0 0 0 0 0 0 0 0 0 8 8 8 0 0 0 0 0 0 0 8 8 8 0 0 0 0 0 0 0 0 0 0
0 0 0 0 0 0 0 0 8 F 8 0 0 0 0 0 0 0 0 0 8 F 8 0 0 0 0 0 0 0 0 0
0 0 0 0 0 0 0 0 8 F 7 8 0 0 0 0 0 0 0 8 F F 8 0 0 0 0 0 0 0 0 0
0 0 0 0 0 0 0 0 8 F 8 0 0 0 0 0 0 0 0 0 8 F 8 0 0 0 0 0 0 0 0 0
0 0 0 0 0 0 0 0 8 F 8 0 0 0 0 0 0 0 0 0 8 F 8 0 0 0 0 0 0 0 0 0
0 0 0 0 0 0 0 0 8 F F 8 0 0 0 0 0 0 0 8 F F 8 0 0 0 0 0 0 0 0 0
0 0 0 0 0 0 0 0 8 8 7 7 8 0 0 0 0 0 8 F 7 8 8 0 0 0 0 0 0 0 0 0
0 0 0 0 0 0 0 0 0 0 8 F F 8 8 8 8 8 F 7 8 0 0 0 0 0 0 0 0 0 0 0
0 0 0 0 0 0 0 0 0 8 F F F F F F F F F 8 7 8 0 0 0 0 0 0 0 0 0 0
0 0 0 0 0 0 0 0 0 8 F F F F F F F F F F F 7 8 0 0 0 0 0 0 0 0 0
0 0 0 0 0 0 0 0 0 8 F F F F F F F F F F F 7 8 0 0 0 0 0 0 0 0 0
0 0 0 0 0 0 0 0 0 8 8 8 F F F F 8 F F F F 7 8 0 0 0 0 0 0 0 0 0
0 0 0 0 0 0 0 0 0 8 8 8 8 F F 8 8 8 F F F 7 8 0 0 0 0 0 0 0 0 0
0 0 0 0 0 0 0 0 0 8 8 8 8 F F 8 8 8 F F F 7 8 0 0 0 0 0 0 0 0 0
0 0 0 0 0 0 0 0 0 8 8 8 F F F F 8 F F F F 7 8 0 0 0 0 0 0 0 0 0
0 0 0 0 0 0 0 0 0 8 F F F F F F F F F F 8 7 8 0 0 0 0 0 0 0 0 0
0 0 0 0 0 0 0 0 0 0 8 F F F F F F F F 8 8 8 0 0 0 0 0 0 0 0 0 0
0 0 0 0 0 0 0 0 0 0 0 8 8 8 8 8 8 8 8 8 8 8 8 0 0 0 0 0 0 0 0 0
0 0 0 0 0 0 0 0 0 0 0 8 9 8 8 9 8 9 8 8 7 8 0 0 0 0 0 0 0 0 0 0
0 0 0 0 0 0 0 0 0 0 0 8 8 9 8 8 9 8 8 8 8 0 0 0 0 0 0 0 0 0 0 0
0 0 0 0 0 0 0 0 0 0 0 8 9 8 8 8 8 9 8 8 8 0 0 0 0 0 0 0 0 0 0 0
0 0 0 0 0 0 0 0 0 0 0 8 8 9 8 9 8 9 8 9 8 0 0 0 0 0 0 0 0 0 0 0
0 0 0 0 0 0 0 0 0 0 0 8 9 8 8 8 9 8 9 8 8 0 0 0 0 0 0 0 0 0 0 0
0 0 0 0 0 0 0 0 0 0 0 8 8 8 8 8 8 9 8 9 8 8 0 0 0 0 0 0 0 0 0 0
0 0 0 0 0 0 0 0 0 0 0 8 8 8 8 8 8 8 8 8 8 8 0 0 0 0 0 0 0 0 0 0
0 0 0 0 0 0 0 0 0 0 0 8 8 8 8 8 8 8 8 0 0 0 0 0 0 0 0 0 0 0 0 0
0 0 0 0 0 0 0 0 0 0 0 8 8 8 8 8 8 8 8 0 0 0 0 0 0 0 0 0 0 0 0 0
0 0 0 0 0 0 0 0 0 0 0 0 8 8 0 0 8 8 0 0 0 0 0 0 0 0 0 0 0 0 0 0
0 0 0 0 0 0 0 0 0 0 0 0 0 0 0 0 0 0 0 0 0 0 0 0 0 0 0 0 0 0 0 0