16 16
0 0 0 0 0 0 0 0 0 0 0 0 0 0 0 0
0 0 0 0 0 0 0 0 0 0 0 0 0 0 0 0
0 0 0 0 0 0 0 0 0 0 0 0 0 0 0 0
0 0 0 0 0 0 0 1 1 1 1 0 0 0 0 0
0 0 0 0 1 1 1 9 9 9 9 1 0 0 0 0
0 0 0 0 6 6 6 1 9 9 9 9 1 0 0 0
0 0 0 0 E 8 E 6 1 1 9 9 9 1 0 0
0 0 0 0 E 8 E E 9 1 9 9 9 9 1 0
0 0 0 4 E E E E E 1 1 1 1 9 1 0
0 0 0 0 E E E E E E 1 0 1 9 1 0
0 0 0 0 1 1 1 1 1 1 1 0 0 1 0 0
0 0 0 0 1 9 9 6 E 9 1 0 0 0 0 0
0 0 0 0 1 9 9 E E 9 1 0 0 0 0 0
0 0 0 0 0 1 1 1 1 1 0 0 0 0 0 0
0 0 0 0 0 0 0 6 6 0 0 0 0 0 0 0
0 0 0 0 0 0 6 6 6 0 0 0 0 0 0 0
