32 32
0 0 0 0 0 0 0 0 0 0 0 0 0 0 0 0 0 0 0 0 0 0 0 0 0 0 0 0 0 0 0 0
0 0 0 0 0 0 0 0 0 0 0 0 0 0 0 0 0 0 0 0 0 0 0 0 0 0 0 0 0 0 0 0
0 0 0 0 0 0 0 0 2 2 2 0 0 0 0 0 0 0 2 2 2 0 0 0 0 0 0 0 0 0 0 0
0 0 0 0 0 0 0 0 A 2 0 0 0 0 0 0 0 0 0 2 A 2 0 0 0 0 0 0 0 0 0 0
0 0 0 0 0 0 0 0 A 3 2 0 0 0 0 0 0 0 2 A A 2 0 0 0 0 0 0 0 0 0 0
0 0 0 0 0 0 0 0 A 2 0 0 0 0 0 0 0 0 0 2 A 2 0 0 0 0 0 0 0 0 0 0
0 0 0 0 0 0 0 0 A 2 0 0 0 0 0 0 0 0 0 2 A 2 0 0 0 0 0 0 0 0 0 0
0 0 0 0 0 0 0 0 A A 2 0 0 0 0 0 0 0 2 A A 2 0 0 0 0 0 0 0 0 0 0
0 0 0 0 0 0 0 0 2 3 3 2 0 0 0 0 0 2 A 3 2 2 0 0 0 0 0 0 0 0 0 0
0 0 0 0 0 0 0 0 0 2 A A 2 2 2 2 2 A 3 2 0 0 0 0 0 0 0 0 0 0 0 0
0 0 0 0 0 0 0 0 2 A A A A A A A A A 2 3 2 0 0 0 0 0 0 0 0 0 0 0
0 0 0 0 0 0 0 0 2 A A A A A A A A A A A 3 2 0 0 0 0 0 0 0 0 0 0
0 0 0 0 0 0 0 0 2 A A A A A A A A A A A 3 2 0 0 0 0 0 0 0 0 0 0
0 0 0 0 0 0 0 0 2 2 2 A A A A 2 A A A A 3 2 0 0 0 0 0 0 0 0 0 0
0 0 0 0 0 0 0 0 2 2 2 2 A A 2 2 2 A A A 3 2 0 0 0 0 0 0 0 0 0 0
0 0 0 0 0 0 0 0 2 2 2 2 A A 2 2 2 A A A 3 2 0 0 0 0 0 0 0 0 0 0
0 0 0 0 0 0 0 0 2 2 2 A A A A 2 A A A A 3 2 0 0 0 0 0 0 0 0 0 0
0 0 0 0 0 0 0 0 2 A A A A A A A A A A 2 3 2 0 0 0 0 0 0 0 0 0 0
0 0 0 0 0 0 0 0 0 2 A A A A A A A A 2 2 2 0 0 0 0 0 0 0 0 0 0 0
0 0 0 0 0 0 0 0 0 0 2 2 2 2 2 2 2 2 2 2 2 2 0 0 0 0 0 0 0 0 0 0
0 0 0 0 0 0 0 0 0 2 2 B 2 2 B 2 B 2 2 3 2 0 0 0 0 0 0 0 0 0 0 0
0 0 0 0 0 0 0 0 0 2 2 2 B 2 2 B 2 2 2 2 2 0 0 0 0 0 0 0 0 0 0 0
0 0 0 0 0 0 0 0 0 2 2 B 2 2 2 2 B 2 2 0 2 2 0 0 0 0 0 0 0 0 0 0
0 0 0 0 0 0 0 0 0 2 2 2 B 2 B 2 B 2 B 0 2 2 2 0 0 0 0 0 0 0 0 0
0 0 0 0 0 0 0 0 0 2 2 B 2 2 2 B 2 B 2 0 2 2 2 0 0 0 0 0 0 0 0 0
0 0 0 0 0 0 0 0 0 2 2 2 2 2 2 2 B 2 2 0 2 2 2 2 0 0 0 0 0 0 0 0
0 0 0 0 0 0 0 0 2 2 2 2 2 2 2 2 2 2 2 0 0 0 2 2 0 0 0 0 0 0 0 0
0 0 0 0 0 0 0 0 2 2 2 2 2 0 0 2 2 2 2 2 0 0 0 0 0 0 0 0 0 0 0 0
0 0 0 0 0 0 0 0 2 2 2 2 2 0 0 2 2 2 2 2 0 0 0 0 0 0 0 0 0 0 0 0
0 0 0 0 0 0 0 0 0 2 2 0 0 0 0 0 2 2 2 0 0 0 0 0 0 0 0 0 0 0 0 0
0 0 0 0 0 0 0 0 0 0 0 0 0 0 0 0 0 0 0 0 0 0 0 0 0 0 0 0 0 0 0 0
0 0 0 0 0 0 0 0 0 0 0 0 0 0 0 0 0 0 0 0 0 0 0 0 0 0 0 0 0 0 0 0
