16 16
0 0 0 0 0 0 0 0 0 0 0 0 0 0 0 0
0 0 0 0 0 0 0 0 0 0 0 0 0 0 0 0
0 0 0 0 0 0 0 0 0 0 0 0 0 0 0 0
0 0 0 0 0 1 1 1 1 0 0 0 0 0 0 0
0 0 0 0 1 9 9 9 9 1 1 1 0 0 0 0
0 0 0 1 9 9 9 9 1 6 6 6 0 0 0 0
0 0 1 9 9 9 1 1 6 E 8 E 0 0 0 0
0 1 9 9 9 9 1 9 E E 8 E 0 0 0 0
0 1 9 1 1 1 1 E E E E E 4 0 0 0
0 1 9 1 0 1 E E E E E E 0 0 0 0
0 0 1 0 0 1 1 1 1 1 1 1 0 0 0 0
0 0 0 0 0 1 9 E 6 9 9 1 0 0 0 0
0 0 0 0 0 1 9 E E 9 9 1 0 0 0 0
0 0 0 0 0 0 1 1 1 1 1 0 0 0 0 0
0 0 0 0 0 0 0 6 6 0 0 0 0 0 0 0
0 0 0 0 0 0 0 6 6 6 0 0 0 0 0 0
