16 16
0 0 0 0 0 0 0 0 0 0 0 0 0 0 0 0
0 0 0 0 0 0 0 0 0 0 0 0 0 0 0 0
0 0 0 0 0 0 0 0 0 0 0 0 0 0 0 0
0 0 0 0 0 1 1 1 1 1 1 0 0 0 0 0
0 0 0 0 1 1 1 1 9 1 1 1 0 0 0 0
0 0 0 0 1 1 1 9 9 1 1 1 0 0 0 0
0 0 0 0 1 1 9 9 9 9 1 1 0 0 0 0
0 0 0 0 1 1 9 9 9 9 1 1 0 0 0 0
0 0 0 1 1 1 9 9 9 9 1 1 1 0 0 0
0 0 0 1 9 1 1 9 9 1 1 9 1 0 0 0
0 0 0 E 9 9 1 1 9 1 9 9 E 0 0 0
0 0 0 E 9 9 9 9 1 9 9 9 E 0 0 0
0 0 0 1 9 9 9 9 9 9 9 9 1 0 0 0
0 0 0 0 1 1 1 1 1 1 1 1 0 0 0 0
0 0 0 0 6 1 6 0 0 6 1 6 0 0 0 0
0 0 0 0 6 6 6 0 0 6 6 6 0 0 0 0
