32 32
9 9 9 9 9 9 9 9 9 9 9 9 9 9 9 9 9 9 9 9 9 9 9 9 9 9 9 9 9 9 9 9
9 9 9 9 9 9 9 9 9 9 9 9 9 9 9 9 9 9 9 9 9 9 9 9 9 9 9 9 9 9 9 9
9 1 1 1 1 1 1 1 1 1 1 1 1 1 1 1 1 1 1 1 1 1 1 1 1 1 1 1 1 1 1 9
9 1 1 1 1 1 1 1 1 1 1 1 1 1 1 1 1 1 1 1 1 1 1 1 1 1 1 1 1 1 1 9
9 9 1 9 1 9 1 9 1 9 1 9 1 9 1 9 1 9 1 9 1 9 1 9 1 9 1 9 1 9 1 9
9 9 1 9 1 9 1 9 1 9 1 9 1 9 1 9 1 9 1 9 1 9 1 9 1 9 1 9 1 9 1 9
9 1 1 1 1 1 1 1 1 1 1 1 1 1 1 1 1 1 1 1 1 1 1 1 1 1 1 1 1 1 1 9
9 1 1 1 1 1 1 1 1 1 1 1 1 1 1 1 1 1 1 1 1 1 1 1 1 1 1 1 1 1 1 9
9 1 1 1 1 1 1 1 1 1 1 1 1 1 1 1 1 1 1 1 1 1 1 1 1 1 1 1 1 1 1 9
9 1 1 1 1 1 1 1 1 1 1 1 1 1 1 1 1 1 1 1 1 1 1 1 1 1 1 1 1 1 1 9
9 1 1 1 1 1 1 F F 1 1 F 1 1 F 1 1 1 F F F 1 F F 1 1 1 1 1 1 1 9
9 1 1 1 1 1 1 F F 1 1 F 1 1 F 1 1 1 F F F 1 F F 1 1 1 1 1 1 1 9
9 1 1 1 1 1 F 1 1 1 F 1 F 1 F 1 1 1 1 F 1 1 F 1 F 1 1 1 1 1 1 9
9 1 1 1 1 1 F 1 1 1 F 1 F 1 F 1 1 1 1 F 1 1 F 1 F 1 1 1 1 1 1 9
9 1 1 1 1 1 1 F 1 1 F F F 1 F 1 1 1 1 F 1 1 F F 1 1 1 1 1 1 1 9
9 1 1 1 1 1 1 F 1 1 F F F 1 F 1 1 1 1 F 1 1 F F 1 1 1 1 1 1 1 9
9 1 1 1 1 1 1 1 F 1 F 1 F 1 F 1 1 1 1 F 1 1 F 1 F 1 1 1 1 1 1 9
9 1 1 1 1 1 1 1 F 1 F 1 F 1 F 1 1 1 1 F 1 1 F 1 F 1 1 1 1 1 1 9
9 1 1 1 1 1 F F 1 1 F 1 F 1 F F F 1 F F F 1 F 1 F 1 1 1 1 1 1 9
9 1 1 1 1 1 F F 1 1 F 1 F 1 F F F 1 F F F 1 F 1 F 1 1 1 1 1 1 9
9 1 1 1 1 1 1 1 1 1 1 1 1 1 1 1 1 1 1 1 1 1 1 1 1 1 1 1 1 1 1 9
9 1 1 1 1 1 1 1 1 1 1 1 1 1 1 1 1 1 1 1 1 1 1 1 1 1 1 1 1 1 1 9
9 1 1 1 1 1 1 1 1 1 1 1 1 1 1 1 1 1 1 1 1 1 1 1 1 1 1 1 1 1 1 9
9 1 1 1 1 1 1 1 1 1 1 1 1 1 1 1 1 1 1 1 1 1 1 1 1 1 1 1 1 1 1 9
9 1 1 1 1 1 1 1 1 1 1 1 1 1 1 1 1 1 1 1 1 1 1 1 1 1 1 1 1 1 1 9
9 1 1 1 1 1 1 1 1 1 1 1 1 1 1 1 1 1 1 1 1 1 1 1 1 1 1 1 1 1 1 9
9 9 1 9 1 9 1 9 1 9 1 9 1 9 1 9 1 9 1 9 1 9 1 9 1 9 1 9 1 9 1 9
9 9 1 9 1 9 1 9 1 9 1 9 1 9 1 9 1 9 1 9 1 9 1 9 1 9 1 9 1 9 1 9
9 1 1 1 1 1 1 1 1 1 1 1 1 1 1 1 1 1 1 1 1 1 1 1 1 1 1 1 1 1 1 9
9 1 1 1 1 1 1 1 1 1 1 1 1 1 1 1 1 1 1 1 1 1 1 1 1 1 1 1 1 1 1 9
9 9 9 9 9 9 9 9 9 9 9 9 9 9 9 9 9 9 9 9 9 9 9 9 9 9 9 9 9 9 9 9
9 9 9 9 9 9 9 9 9 9 9 9 9 9 9 9 9 9 9 9 9 9 9 9 9 9 9 9 9 9 9 9
