32 32
9 9 9 9 9 9 9 9 9 9 9 9 9 9 9 9 9 9 9 9 9 9 9 9 9 9 9 9 9 9 9 9
9 B 0 0 1 3 1 1 9 B 0 3 1 1 1 1 9 3 0 0 1 1 1 3 9 B 0 0 1 3 1 1
9 0 B 0 3 1 1 1 9 0 3 0 1 1 1 1 9 0 B 0 1 1 3 1 9 0 B 0 3 1 1 1
9 0 0 3 1 1 1 1 9 3 0 B 1 1 1 3 9 0 0 B 1 3 1 1 9 0 0 3 1 1 1 1
9 1 3 1 B 0 0 0 9 1 1 1 B 0 3 0 9 1 1 1 3 0 0 0 9 1 3 1 B 0 0 0
9 3 1 1 0 B 0 3 9 1 1 1 0 3 0 0 9 1 1 3 0 B 0 0 9 3 1 1 0 B 0 3
9 1 1 1 0 0 3 0 9 1 1 1 3 0 B 0 9 1 3 1 0 0 B 0 9 1 1 1 0 0 3 0
9 1 1 1 0 3 0 B 9 1 1 3 0 0 0 B 9 3 1 1 0 0 0 3 9 1 1 1 0 3 0 B
9 9 9 9 9 9 9 9 9 9 9 9 9 9 9 9 9 9 9 9 9 9 9 9 9 9 9 9 9 9 9 9
9 B 0 3 1 1 1 1 9 3 0 0 1 1 1 3 9 B 0 0 1 3 1 1 9 B 0 3 1 1 1 1
9 0 3 0 1 1 1 1 9 0 B 0 1 1 3 1 9 0 B 0 3 1 1 1 9 0 3 0 1 1 1 1
9 3 0 B 1 1 1 3 9 0 0 B 1 3 1 1 9 0 0 3 1 1 1 1 9 3 0 B 1 1 1 3
9 1 1 1 B 0 3 0 9 1 1 1 3 0 0 0 9 1 3 1 B 0 0 0 9 1 1 1 B 0 3 0
9 1 1 1 0 3 0 0 9 1 1 3 0 B 0 0 9 3 1 1 0 B 0 3 9 1 1 1 0 3 0 0
9 1 1 1 3 0 B 0 9 1 3 1 0 0 B 0 9 1 1 1 0 0 3 0 9 1 1 1 3 0 B 0
9 1 1 3 0 0 0 B 9 3 1 1 0 0 0 3 9 1 1 1 0 3 0 B 9 1 1 3 0 0 0 B
9 9 9 9 9 9 9 9 9 9 9 9 9 9 9 9 9 9 9 9 9 9 9 9 9 9 9 9 9 9 9 9
9 3 0 0 1 1 1 3 9 B 0 0 1 3 1 1 9 B 0 3 1 1 1 1 9 3 0 0 1 1 1 3
9 0 B 0 1 1 3 1 9 0 B 0 3 1 1 1 9 0 3 0 1 1 1 1 9 0 B 0 1 1 3 1
9 0 0 B 1 3 1 1 9 0 0 3 1 1 1 1 9 3 0 B 1 1 1 3 9 0 0 B 1 3 1 1
9 1 1 1 3 0 0 0 9 1 3 1 B 0 0 0 9 1 1 1 B 0 3 0 9 1 1 1 3 0 0 0
9 1 1 3 0 B 0 0 9 3 1 1 0 B 0 3 9 1 1 1 0 3 0 0 9 1 1 3 0 B 0 0
9 1 3 1 0 0 B 0 9 1 1 1 0 0 3 0 9 1 1 1 3 0 B 0 9 1 3 1 0 0 B 0
9 3 1 1 0 0 0 3 9 1 1 1 0 3 0 B 9 1 1 3 0 0 0 B 9 3 1 1 0 0 0 3
9 9 9 9 9 9 9 9 9 9 9 9 9 9 9 9 9 9 9 9 9 9 9 9 9 9 9 9 9 9 9 9
9 B 0 0 1 3 1 1 9 B 0 3 1 1 1 1 9 3 0 0 1 1 1 3 9 B 0 0 1 3 1 1
9 0 B 0 3 1 1 1 9 0 3 0 1 1 1 1 9 0 B 0 1 1 3 1 9 0 B 0 3 1 1 1
9 0 0 3 1 1 1 1 9 3 0 B 1 1 1 3 9 0 0 B 1 3 1 1 9 0 0 3 1 1 1 1
9 1 3 1 B 0 0 0 9 1 1 1 B 0 3 0 9 1 1 1 3 0 0 0 9 1 3 1 B 0 0 0
9 3 1 1 0 B 0 3 9 1 1 1 0 3 0 0 9 1 1 3 0 B 0 0 9 3 1 1 0 B 0 3
9 1 1 1 0 0 3 0 9 1 1 1 3 0 B 0 9 1 3 1 0 0 B 0 9 1 1 1 0 0 3 0
9 1 1 1 0 3 0 B 9 1 1 3 0 0 0 B 9 3 1 1 0 0 0 3 9 1 1 1 0 3 0 B
