16 16
1 3 3 3 1 1 1 1 1 1 1 3 B 3 1 1
1 3 3 1 1 1 1 1 1 1 1 1 3 3 1 1
1 1 3 3 1 1 1 1 1 1 1 1 3 1 1 1
1 3 3 3 1 1 1 1 1 1 1 1 3 3 1 1
3 3 3 3 1 1 1 1 1 1 1 3 3 3 1 1
B B B B 3 1 1 1 1 1 3 3 B B 3 1
B 5 5 5 5 5 5 5 5 5 5 5 5 5 5 3
B 7 6 6 6 7 6 6 6 7 6 6 6 7 6 B
B 6 6 6 7 6 6 6 7 6 6 6 7 6 6 B
B 5 5 5 5 5 5 5 5 5 5 5 5 5 5 B
B B B B B 3 1 1 1 B B B B B B 3
3 B B B B 1 1 1 1 3 3 B B B 3 3
3 B B 3 1 1 1 1 1 1 3 3 B B 3 1
1 3 3 3 1 1 1 1 1 1 3 3 3 3 1 1
1 1 3 1 1 1 1 1 1 1 1 3 3 3 1 1
1 1 3 3 1 1 1 1 1 1 1 1 3 3 1 1
