16 16
2 A 2 2 A 2 A 2 2 2 2 2 A A A 2
2 2 2 2 A 2 2 2 2 2 2 2 2 2 2 2
2 2 2 2 2 2 2 A 2 A 2 2 2 2 2 2
2 2 2 2 2 2 2 2 2 2 2 2 2 2 2 A
2 A A 2 2 2 2 2 2 2 2 2 2 A 2 2
2 2 2 2 2 2 2 2 2 2 2 2 2 2 2 2
2 2 2 2 2 2 2 2 2 2 2 A 2 2 2 2
A 2 A 2 2 2 2 2 2 2 A 2 2 2 2 2
2 A 2 2 2 2 2 2 2 A 2 2 2 2 2 2
2 2 2 2 2 2 2 2 A 2 2 2 2 2 2 2
2 2 2 A 2 2 2 A 2 2 2 2 2 2 2 A
2 A 2 2 2 2 A 2 2 2 2 2 2 2 2 2
A 2 2 2 A A 2 2 2 2 2 2 2 2 2 2
2 2 2 A 2 2 2 2 2 2 2 A 2 A 2 2
2 2 2 2 2 2 A 2 2 2 2 2 2 2 2 2
2 2 2 2 2 2 2 2 2 2 2 2 2 2 2 A
