16 16
0 0 0 0 0 0 0 0 0 0 0 0 0 0 0 0
0 0 0 0 0 0 0 0 0 0 0 0 0 0 0 0
0 0 0 0 0 0 0 0 0 0 0 0 0 0 0 0
0 0 0 0 0 0 6 6 6 6 6 6 0 0 0 0
0 0 0 0 0 6 A A A A A A 6 0 0 0
0 0 0 0 6 A A 0 0 0 0 A A 6 0 0
0 0 0 6 A A 0 8 8 8 0 A A 6 0 0
0 0 6 A A 0 8 A A A 8 0 A A 6 0
0 0 6 A 0 8 A A A A A 8 0 A 6 0
0 0 6 A 0 8 A A A A A 8 0 A 6 0
0 0 6 A A 0 8 A A A 8 0 A A 6 0
0 0 0 6 A A 0 8 8 8 0 A A 6 0 0
0 0 0 0 6 A A 0 0 0 0 A A 6 0 0
0 0 0 0 0 6 A A A A A A 6 0 0 0
0 0 0 0 0 0 6 6 6 6 6 6 0 0 0 0
0 0 0 0 0 0 0 0 0 0 0 0 0 0 0 0
