16 16
0 0 0 0 0 0 0 9 9 0 0 0 0 0 0 0
0 0 0 0 0 0 9 B B 9 0 0 0 0 0 0
0 0 0 0 0 9 B B B B 9 0 0 0 0 0
0 0 0 0 9 B B 3 3 B B 9 0 0 0 0
0 0 0 9 B B 3 3 3 3 B B 9 0 0 0
0 0 9 B B 3 3 1 1 3 3 B B 9 0 0
0 9 B B 3 3 1 1 1 1 3 3 B B 9 0
9 B B 3 3 1 1 1 1 1 1 3 3 B B 9
9 B B 3 3 1 1 1 1 1 1 3 3 B B 9
0 9 B B 3 3 1 1 1 1 3 3 B B 9 0
0 0 9 B B 3 3 1 1 3 3 B B 9 0 0
0 0 0 9 B B 3 3 3 3 B B 9 0 0 0
0 0 0 0 9 B B 3 3 B B 9 0 0 0 0
0 0 0 0 0 9 B B B B 9 0 0 0 0 0
0 0 0 0 0 0 9 B B 9 0 0 0 0 0 0
0 0 0 0 0 0 0 9 9 0 0 0 0 0 0 0