16 16
9 9 9 9 9 9 9 9 9 9 9 9 9 9 9 9
9 9 9 9 9 9 9 9 9 9 9 9 9 9 9 9
9 9 6 6 6 6 6 6 6 6 6 6 6 6 9 9
9 9 6 9 9 9 9 9 9 9 9 9 9 6 9 9
9 9 6 9 5 6 5 5 5 5 6 9 9 6 9 9
9 9 6 9 6 5 5 5 5 6 5 9 9 6 9 9
9 9 6 9 5 5 5 5 6 5 5 9 9 6 9 9
9 9 6 9 5 5 5 6 5 5 5 9 9 6 9 9
9 9 6 9 5 5 6 5 5 5 5 9 9 6 9 9
9 9 6 9 5 6 5 5 5 5 6 E 9 6 9 9
9 9 6 9 6 5 5 5 5 6 5 9 9 6 9 9
9 9 6 9 5 5 5 5 6 5 5 9 9 6 9 9
9 9 6 9 9 9 9 9 9 9 9 9 9 6 9 9
9 9 6 6 6 6 6 6 6 6 6 6 6 6 9 9
9 9 9 9 9 9 9 9 9 9 9 9 9 9 9 9
9 9 9 9 9 9 9 9 9 9 9 9 9 9 9 9
