16 16
2 2 2 2 2 2 2 2 2 2 2 2 2 2 2 2
2 2 2 2 2 2 2 2 2 A 2 A 2 2 A 2
2 2 2 2 2 3 A A 2 2 2 2 2 2 2 2
2 2 3 2 2 2 2 A 2 2 2 2 2 2 2 A
2 2 2 3 2 A 2 2 2 2 2 2 2 2 A 2
2 2 2 A 2 2 2 2 2 2 2 2 2 2 2 2
2 3 2 2 D 2 2 2 2 2 D 2 2 2 2 2
2 2 3 A 2 2 D 2 2 2 2 2 2 2 2 A
2 2 2 2 2 2 D 2 2 2 2 2 A 2 2 2
2 2 D 2 2 2 2 2 A 2 A 2 2 2 2 A
2 2 3 2 2 2 2 2 D A 2 2 2 2 2 A
2 3 2 2 D 3 2 2 D A 2 2 2 2 2 2
A 3 2 2 2 2 2 2 2 2 2 2 2 A 2 2
2 2 2 2 2 2 2 2 2 2 2 2 2 3 A A
2 2 2 2 2 2 2 3 2 2 2 2 2 2 2 2
2 A 2 2 2 2 A 2 2 2 2 2 2 2 A 2
