16 16
9 9 9 9 9 9 9 9 9 9 9 9 9 9 9 9
9 6 6 6 9 9 6 6 9 9 6 6 9 6 6 9
9 6 4 6 6 6 4 6 6 6 4 6 6 6 4 9
9 6 6 6 6 4 6 6 6 4 6 6 6 6 6 9
9 9 9 6 6 6 6 6 6 6 6 6 6 9 9 9
9 6 6 6 6 3 3 3 3 3 3 6 6 6 6 9
9 6 4 4 6 3 4 4 4 4 3 6 4 4 6 9
9 6 4 4 6 3 4 5 5 4 3 6 4 4 6 9
9 6 4 4 6 3 4 5 5 4 3 6 4 4 6 9
9 6 4 4 6 3 4 4 4 4 3 6 4 4 6 9
9 6 6 6 6 3 3 3 3 3 3 6 6 6 6 9
9 9 9 6 6 6 6 6 6 6 6 6 6 9 9 9
9 6 6 6 6 4 6 6 6 4 6 6 6 6 6 9
9 6 4 6 6 6 4 6 6 6 4 6 6 6 4 9
9 6 6 6 9 9 6 6 9 9 6 6 9 6 6 9
9 9 9 9 9 9 9 9 9 9 9 9 9 9 9 9
