16 16
A 2 2 2 2 2 3 2 2 2 2 2 2 2 2 2
3 2 2 2 2 A 2 A 2 A A 3 2 2 2 2
2 2 2 A 2 A 2 2 2 2 2 2 2 A A 2
2 2 2 2 3 2 2 2 2 2 A A 2 2 A 2
2 2 2 2 A 2 2 A A A A 2 A A 2 2
2 2 2 2 A 2 2 A 3 A 2 A 2 2 A 2
2 2 2 2 2 2 2 A A 2 2 2 2 2 2 2
2 2 A 2 2 2 A A 2 A 2 A 2 3 3 2
A 2 2 2 3 2 2 2 A A 2 A 2 2 A 2
2 2 2 A 2 3 2 2 2 A 2 2 2 2 2 A
A 2 2 2 2 2 2 A A 2 2 2 2 A 2 2
2 A A A 2 2 2 2 2 2 2 A A A 2 A
3 2 2 2 2 2 2 A 2 2 2 2 2 A 2 2
A A 2 A A 2 2 A 2 A 2 3 2 3 2 3
2 2 2 2 2 2 A 2 2 2 2 2 2 2 2 2
2 3 2 3 A 2 2 2 2 2 2 2 2 2 2 A
