16 16
2 A 2 2 A 2 2 A 2 2 A 2 2 A 2 2
2 2 A 2 2 A 2 2 A 2 2 A 2 2 A 2
2 A 2 2 A 2 2 A 2 2 A 2 2 A 2 2
2 2 A 2 2 A 2 2 A 2 2 A 2 2 A 2
2 A 2 6 6 2 2 A 2 2 A 2 6 6 2 2
2 2 A 6 E 6 2 A 2 2 A 2 6 E 6 2
2 A 2 6 6 2 2 A 2 2 A 2 6 6 2 2
2 2 A 2 2 A 6 6 6 6 A 2 2 A 2 2
2 A 2 2 A 6 6 F F 6 6 A 2 2 A 2
2 2 A 2 A 6 6 F 5 F 6 6 A 2 A 2
2 A 2 2 A 6 6 F F 6 6 A 2 2 A 2
2 2 A 2 2 A 6 6 6 6 A 2 2 A 2 2
2 A 2 6 6 2 2 A 2 2 A 2 6 6 2 2
2 2 A 6 E 6 2 A 2 2 A 2 6 E 6 2
2 A 2 6 6 2 2 A 2 2 A 2 6 6 2 2
2 2 A 2 2 A 2 2 A 2 2 A 2 2 A 2
