16 16
0 0 0 F F F F 0 0 F F F F 0 0 0
0 0 0 F F F F 0 0 F F F F 0 0 0
0 F F 4 4 4 4 F F 4 4 4 4 F F 0
0 F F 4 4 4 4 F F 4 4 4 4 F F 0
F 4 4 0 0 4 4 4 4 4 4 4 4 4 4 F
F 4 4 0 0 4 4 4 4 4 4 4 4 4 4 F
F 4 4 4 4 4 4 4 4 4 4 4 4 4 4 F
F 4 4 4 4 4 4 4 4 4 4 4 4 4 4 F
F 4 C 4 4 4 4 4 4 4 4 4 4 4 4 F
F C C 4 4 4 4 4 4 4 4 4 4 C 4 F
0 F F 4 4 4 4 4 4 4 4 4 C F F 0
0 F F 4 4 4 4 4 4 4 4 4 C F F 0
0 0 0 F F 4 4 4 4 4 4 F F 0 0 0
0 0 0 F F 4 4 4 4 4 4 F F 0 0 0
0 0 0 0 0 F F 4 C F F 0 0 0 0 0
0 0 0 0 0 F F F F F F 0 0 0 0 0