16 16
0 0 0 F F F F 0 0 F F F F 0 0 0
0 0 0 F F F F 0 0 F F F F 0 0 0
0 F F 7 7 7 7 F F 7 7 7 7 F F 0
0 F F 7 7 7 7 F F 7 7 7 7 F F 0
F 7 7 0 0 7 7 7 7 7 7 7 7 7 7 F
F 7 7 0 0 7 7 7 7 7 7 7 7 7 7 F
F 7 7 7 7 7 7 7 7 7 7 7 7 7 7 F
F 7 7 7 7 7 7 7 7 7 7 7 7 7 7 F
F 7 7 7 7 7 7 7 7 7 7 7 7 7 7 F
F 7 7 7 7 7 7 7 7 7 7 7 7 7 7 F
0 F F 7 7 7 7 7 7 7 7 7 7 F F 0
0 F F 7 7 7 7 7 7 7 7 7 7 F F 0
0 0 0 F F 7 7 7 7 7 7 F F 0 0 0
0 0 0 F F 7 7 7 7 7 7 F F 0 0 0
0 0 0 0 0 F F 7 7 F F 0 0 0 0 0
0 0 0 0 0 F F F F F F 0 0 0 0 0