16 16
6 6 6 6 6 6 6 6 6 6 6 6 6 6 6 6
6 6 6 6 6 6 6 6 6 6 6 6 6 6 6 6
6 6 6 6 6 6 6 6 6 6 6 6 6 6 6 6
6 4 4 6 6 6 6 4 4 6 6 6 6 4 4 6
6 4 2 6 6 6 6 4 2 6 6 6 6 4 2 6
6 4 2 6 6 6 6 4 2 6 6 6 6 4 2 6
6 4 2 6 6 6 6 4 2 6 6 6 6 4 2 6
6 4 2 6 5 5 5 4 2 6 5 5 5 4 2 6
6 4 2 6 5 1 5 4 2 6 5 1 5 4 2 6
6 4 2 6 5 1 5 4 2 6 5 1 5 4 2 6
6 4 2 6 5 1 5 4 2 6 5 1 5 4 2 6
6 4 2 6 5 5 5 4 2 6 5 5 5 4 2 6
6 4 4 6 6 6 6 4 4 6 6 6 6 4 4 6
6 6 6 6 6 6 6 6 6 6 6 6 6 6 6 6
6 6 6 6 6 6 6 6 6 6 6 6 6 6 6 6
8 8 8 8 8 8 8 8 8 8 8 8 8 8 8 8
