16 16
6 6 6 6 6 6 6 6 6 6 6 6 6 6 6 6
6 6 6 6 6 6 6 6 6 6 6 6 6 6 6 6
6 6 6 6 6 6 6 6 6 6 6 6 6 6 6 6
6 4 4 6 6 6 6 4 4 6 6 6 6 4 4 6
6 4 2 6 6 6 6 4 2 6 6 6 6 4 2 6
6 4 2 6 6 6 6 4 2 6 6 6 6 4 2 6
6 4 2 6 9 9 9 4 2 6 9 9 9 4 2 6
6 4 2 6 9 1 9 4 2 6 9 1 9 4 2 6
6 4 2 6 9 1 9 4 2 6 9 1 9 4 2 6
6 4 2 6 9 9 9 4 2 6 9 9 9 4 2 6
6 4 2 6 6 6 6 4 2 6 6 6 6 4 2 6
6 4 4 6 6 6 6 4 4 6 6 6 6 4 4 6
6 6 6 6 6 6 6 6 6 6 6 6 6 6 6 6
6 6 6 6 6 6 6 6 6 6 6 6 6 6 6 6
6 6 6 6 6 6 6 6 6 6 6 6 6 6 6 6
8 8 8 8 8 8 8 8 8 8 8 8 8 8 8 8
