16 16
4 4 4 4 E 4 4 4 4 C 4 4 C C C 4
C 4 4 C 4 E 4 4 4 4 4 4 E C C 4
4 4 4 4 4 4 4 C C C C 4 4 E 4 4
4 C E 4 4 4 C 4 4 4 4 4 4 4 4 4
4 4 4 4 4 4 4 4 4 C 4 4 4 4 C 4
4 4 4 4 4 4 4 4 4 C 4 4 C 4 4 4
C 4 4 C 4 E 4 4 4 4 4 E E E 4 4
4 4 C 4 C C C C E 4 C 4 4 C E 4
C 4 4 4 4 4 4 4 4 4 4 E C 4 4 E
4 E 4 E C C 4 4 4 4 4 4 E 4 E 4
4 4 4 4 4 4 4 4 4 C E 4 4 4 4 4
4 4 4 C 4 C C 4 4 4 4 C C 4 4 4
4 C E E 4 4 4 E 4 4 4 4 4 4 4 4
4 4 E C E 4 C C 4 C C 4 C 4 4 4
4 4 C 4 4 C 4 4 C 4 4 4 4 4 E E
4 4 C 4 4 4 4 4 4 C 4 4 4 4 4 C
