16 16
2 2 2 2 2 2 2 2 2 2 2 2 2 2 2 2
2 2 2 2 2 2 2 2 2 2 2 2 2 2 2 2
2 2 2 2 2 2 2 2 2 2 2 2 2 2 2 2
2 2 2 2 2 2 2 2 2 2 2 2 2 2 2 2
2 2 2 2 2 2 2 2 F 2 2 2 2 2 2 2
2 2 2 2 2 2 2 F F F 2 2 2 2 2 2
2 2 2 2 2 2 F F F F F 2 2 2 2 2
2 2 2 2 2 7 7 7 7 7 7 7 2 2 2 2
2 2 2 2 7 7 7 7 7 7 7 7 7 2 2 2
2 2 2 7 7 7 7 7 7 7 7 7 7 7 2 2
2 2 8 8 8 8 8 8 8 8 8 8 8 8 8 2
2 8 8 8 8 8 8 8 8 8 8 8 8 8 8 8
8 8 8 8 8 8 8 8 8 8 8 8 8 8 8 8
8 8 8 8 8 8 8 8 8 8 8 8 8 8 8 8
8 8 8 8 8 8 8 8 8 8 8 8 8 8 8 8
2 2 2 2 2 2 2 2 2 2 2 2 2 2 2 2
