16 16
2 2 2 9 7 7 9 7 7 9 9 9 9 2 2 2
2 2 2 9 9 6 9 9 9 9 9 9 9 2 2 2
A 2 2 9 9 7 9 9 9 9 9 9 9 2 2 2
A 2 2 9 9 7 9 9 9 9 7 9 9 2 A 2
A 2 2 9 9 9 6 9 9 9 6 9 9 2 2 2
2 2 2 6 9 9 9 9 9 9 7 9 7 2 2 2
2 2 2 9 7 7 9 9 9 9 9 9 9 A A 2
2 2 2 9 9 9 9 9 9 9 9 9 9 2 2 2
2 2 2 7 9 9 9 9 9 9 9 9 9 2 2 A
2 2 2 9 9 9 7 9 9 9 9 9 9 2 2 2
2 2 2 9 9 9 9 9 9 9 9 9 9 2 2 2
2 2 A 9 9 9 9 9 9 9 6 9 9 A 2 2
2 2 2 6 9 7 9 9 9 7 7 9 9 2 2 2
2 A 2 9 9 7 9 9 9 9 6 9 9 2 2 2
2 A 2 9 9 6 9 9 9 9 9 9 9 2 2 2
2 2 2 9 9 9 9 9 9 9 9 9 9 2 A 2
