16 16
2 2 2 2 2 2 2 2 2 2 2 2 2 2 2 2
2 2 2 2 2 2 2 2 2 2 2 2 2 2 2 2
2 2 2 2 2 2 2 2 2 2 2 2 2 2 2 2
2 2 2 2 2 2 2 2 2 2 2 2 2 2 2 2
2 2 2 2 2 2 2 2 2 2 2 2 2 2 2 2
2 2 7 7 7 7 7 7 F 7 7 7 7 7 2 2
2 2 7 7 7 7 7 7 7 7 7 7 7 7 2 2
2 2 7 7 7 7 7 7 7 7 7 7 7 7 2 2
2 2 7 7 7 7 7 7 F 7 7 7 7 7 2 2
2 2 7 7 7 7 7 7 F 7 7 7 7 7 2 2
2 2 7 7 7 7 7 7 7 7 7 7 7 7 2 2
2 2 2 2 2 2 2 2 2 2 2 2 2 2 2 2
2 2 2 2 2 2 2 2 2 2 2 2 2 2 2 2
2 2 2 2 2 2 2 2 2 2 2 2 2 2 2 2
2 2 2 2 2 2 2 2 2 2 2 2 2 2 2 2
2 2 2 2 2 2 2 2 2 2 2 2 2 2 2 2
