16 16
2 2 2 2 2 2 2 2 2 2 2 2 2 2 A 2
2 A 2 2 2 2 2 2 2 2 2 2 2 2 2 2
2 2 2 2 2 2 2 2 2 2 2 2 2 2 2 2
2 2 2 A 2 2 2 2 2 2 A 2 2 2 2 2
2 2 2 2 2 2 2 2 2 2 2 2 A 2 2 A
2 2 2 2 2 2 2 2 2 2 2 2 2 2 2 A
A 2 2 2 2 2 2 2 2 2 2 2 2 2 2 2
2 2 2 2 2 2 2 2 8 2 2 2 2 2 2 2
2 2 2 2 2 2 7 7 8 8 8 2 2 2 2 2
2 A A 2 A 6 8 8 7 8 6 8 2 2 2 2
2 2 2 2 6 8 8 8 8 6 8 8 2 2 2 2
2 2 2 2 2 8 8 8 6 8 8 8 2 2 2 2
2 2 2 2 2 2 8 6 8 8 8 A 2 2 2 2
2 2 2 2 2 2 2 2 2 2 2 2 2 2 2 2
2 2 2 2 2 2 2 2 2 2 2 2 2 2 A 2
2 2 A 2 2 2 2 A 2 2 2 2 2 2 2 2
