16 16
6 6 6 6 6 6 2 6 6 6 6 2 6 6 6 6
6 6 2 6 6 2 6 6 6 2 6 6 2 6 6 6
6 2 6 6 6 6 6 2 6 6 6 6 6 2 6 6
6 6 6 6 2 6 6 6 6 2 6 6 6 6 6 2
6 6 6 2 6 6 2 6 6 6 2 6 6 2 6 6
2 6 6 6 6 2 6 6 2 6 6 6 6 2 6 6
6 6 6 6 6 6 6 2 6 6 6 6 6 6 6 6
6 2 6 6 2 6 6 6 6 2 6 6 2 6 6 6
6 6 6 2 6 6 2 6 6 6 2 6 6 6 6 2
6 6 6 6 6 2 6 6 6 6 6 2 6 6 6 6
6 2 6 6 6 6 6 2 6 6 6 6 6 2 6 6
6 6 2 6 6 2 6 6 6 2 6 6 2 6 6 6
6 6 6 6 2 6 6 6 6 2 6 6 6 6 6 2
6 2 6 6 6 6 2 6 6 6 6 2 6 6 2 6
6 6 6 6 6 2 6 6 6 6 6 2 6 6 6 6
2 6 6 6 6 6 6 2 6 6 6 6 6 6 6 2
