16 16
0 0 0 0 0 0 0 0 F 0 0 0 0 0 0 0
0 0 0 0 0 0 0 F F F 0 0 0 0 0 0
0 0 0 0 0 0 F F F F F 0 0 0 0 0
0 0 0 0 0 F F F F F F F 0 0 0 0
0 0 0 0 0 F F F E E F F 0 0 0 0
0 0 0 0 F F F E F F E F F 0 0 0
0 0 0 0 F F E F F F E F F 0 0 0
0 0 0 0 0 F F E F F E F F 0 0 0
0 0 0 0 0 0 F F E E F F 0 0 0 0
0 0 0 0 0 8 8 F F 8 8 0 0 0 0 0
0 0 0 0 8 8 8 F F 8 8 8 0 0 0 0
0 0 0 0 0 4 4 4 4 4 4 0 0 0 0 0
0 0 0 0 0 6 6 6 6 6 6 0 0 0 0 0
0 0 0 0 0 6 6 6 6 6 6 0 0 0 0 0
0 0 0 0 0 0 6 6 6 6 0 0 0 0 0 0
0 0 0 0 0 0 6 0 0 6 0 0 0 0 0 0
