16 16
2 2 2 A 2 2 2 2 A A 2 2 2 2 2 2
A 2 2 A 2 A 2 2 2 2 2 2 2 2 2 2
A 2 2 2 2 2 A 2 2 2 2 2 2 2 2 2
2 2 A 2 2 2 2 2 3 A A 2 2 2 2 2
2 2 2 2 2 2 2 2 2 2 2 A 2 2 2 A
2 A A 3 A 2 2 2 A 2 A A 2 2 2 2
A 2 2 A A 2 A 2 2 2 2 2 2 2 2 2
2 2 2 2 2 2 2 2 3 A 2 2 2 2 2 2
2 2 A 2 A 2 2 3 2 2 2 A 2 A A 2
2 A A 2 A 2 2 6 6 3 2 A 2 2 2 2
2 2 A 2 2 2 2 6 6 3 2 2 2 2 2 2
2 2 2 2 2 2 2 6 6 3 2 2 2 A A 2
2 2 A 2 2 2 A 6 6 2 2 2 2 2 2 2
A 2 2 2 2 A 2 6 6 A 2 2 2 2 2 2
2 2 2 2 2 2 2 6 6 2 2 2 2 2 2 2
2 A 2 2 2 A 2 2 2 2 A A A A 2 A
