16 16
F F F F F F F F F F F F F F F F
F F 7 F F F 7 F F F 7 F F F 7 F
F 7 F F F 7 F F F 7 F F F 7 F F
F F F 7 F F F F 7 F F F F F F 7
8 8 8 8 8 8 8 8 8 8 8 8 8 8 8 8
8 8 0 8 8 8 0 8 8 8 0 8 8 8 0 8
8 0 8 8 8 0 8 8 8 0 8 8 8 0 8 8
8 8 8 0 8 8 8 8 0 8 8 8 8 8 8 0
8 8 8 8 8 8 8 8 8 8 8 8 8 8 8 8
8 8 0 8 8 8 0 8 8 8 0 8 8 8 0 8
8 0 8 8 8 0 8 8 8 0 8 8 8 0 8 8
8 8 8 0 8 8 8 8 0 8 8 8 8 8 8 0
8 8 8 8 8 8 8 8 8 8 8 8 8 8 8 8
8 8 0 8 8 8 0 8 8 8 0 8 8 8 0 8
8 0 8 8 8 0 8 8 8 0 8 8 8 0 8 8
8 8 8 0 8 8 8 8 0 8 8 8 8 8 8 0
