16 16
7 7 7 7 8 7 7 7 7 8 7 7 7 7 8 7
7 7 8 7 7 7 7 8 7 7 7 7 7 8 7 7
7 8 7 7 7 8 7 7 7 7 8 7 7 7 7 8
7 7 7 8 7 7 7 7 8 7 7 7 7 7 7 7
8 7 7 7 7 8 7 7 7 7 7 8 7 7 7 7
7 7 7 7 8 7 7 7 7 8 7 7 7 7 8 7
7 7 8 7 7 7 7 8 7 7 7 7 7 8 7 7
7 8 7 7 7 8 7 7 7 7 8 7 7 7 7 8
7 7 7 8 7 7 7 7 8 7 7 7 7 7 7 7
8 7 7 7 7 8 7 7 7 7 7 8 7 7 7 7
7 7 7 7 8 7 7 7 7 8 7 7 7 7 8 7
7 7 8 7 7 7 7 8 7 7 7 7 7 8 7 7
7 8 7 7 7 8 7 7 7 7 8 7 7 7 7 8
7 7 7 8 7 7 7 7 8 7 7 7 7 7 7 7
8 7 7 7 7 8 7 7 7 7 7 8 7 7 7 7
7 7 7 7 8 7 7 7 7 8 7 7 7 7 8 7
