16 16
1 1 1 1 1 3 3 9 9 9 9 9 9 9 9 9
1 1 1 1 1 3 3 9 9 9 9 9 9 9 9 9
1 1 1 1 1 3 3 9 9 9 9 9 9 9 9 9
1 1 1 1 1 3 3 9 9 9 9 9 9 9 9 9
1 1 1 1 1 1 3 3 9 9 9 9 9 9 9 9
1 1 1 1 1 1 3 3 9 9 9 9 9 9 9 9
1 1 1 1 1 1 1 3 3 9 9 9 9 9 9 9
1 1 1 1 1 1 1 3 3 9 9 9 9 9 9 9
1 1 1 1 1 1 1 3 3 9 9 9 9 9 9 9
1 1 1 1 1 1 1 3 3 9 9 9 9 9 9 9
1 1 1 1 1 1 3 3 9 9 9 9 9 9 9 9
1 1 1 1 1 1 3 3 9 9 9 9 9 9 9 9
1 1 1 1 1 3 3 9 9 9 9 9 9 9 9 9
1 1 1 1 1 3 3 9 9 9 9 9 9 9 9 9
1 1 1 1 1 3 3 9 9 9 9 9 9 9 9 9
1 1 1 1 1 3 3 9 9 9 9 9 9 9 9 9
